-4.5 -3.02
-4.45 -2.97
-4.45 -2.92
-4.45 -2.87
-4.45 -2.82
-4.45 -2.77
-4.45 -2.72
-4.45 -2.67
-4.45 -2.62
-4.45 -2.57
-4.45 -2.52
-4.45 -2.47
-4.45 -2.42
-4.45 -2.37
-4.45 -2.32
-4.45 -2.27
-4.45 -2.22
-4.45 -2.17
-4.45 -2.12
-4.45 -2.07
-4.45 -2.02
-4.45 -1.97
-4.45 -1.92
-4.45 -1.87
-4.45 -1.82
-4.45 -1.77
-4.45 -1.72
-4.45 -1.67
-4.45 -1.62
-4.45 -1.57
-4.45 -1.52
-4.45 -1.47
-4.45 -1.42
-4.4 -1.37
-4.35 -1.32
-4.3 -1.27
-4.25 -1.22
-4.2 -1.17
-4.15 -1.12
-4.1 -1.07
-4.1 -1.02
-4.1 -0.97
-4.1 -0.92
-4.1 -0.87
-4.1 -0.82
-4.1 -0.77
-4.1 -0.72
-4.1 -0.67
-4.1 -0.62
-4.1 -0.57
-4.1 -0.52
-4.1 -0.47
-4.1 -0.42
-4.1 -0.37
-4.1 -0.32
-4.1 -0.27
-4.1 -0.22
-4.1 -0.17
-4.1 -0.12
-4.1 -0.07
-4.1 -0.02
-4.1 0.03
-4.1 0.08
-4.1 0.13
-4.1 0.18
-4.1 0.23
-4.1 0.28
-4.1 0.33
-4.1 0.38
-4.1 0.43
-4.1 0.48
-4.1 0.53
-4.1 0.58
-4.1 0.63
-4.1 0.68
-4.1 0.73
-4.1 0.78
-4.1 0.83
-4.1 0.88
-4.1 0.93
-4.1 0.98
-4.1 1.03
-4.1 1.08
-4.1 1.13
-4.1 1.18
-4.1 1.23
-4.1 1.28
-4.1 1.33
-4.1 1.38
-4.1 1.43
-4.1 1.48
-4.1 1.53
-4.1 1.58
-4.1 1.63
-4.05 1.68
-4 1.73
-3.95 1.78
-3.9 1.83
-3.85 1.88
-3.8 1.93
-3.75 1.98
-3.7 2.03
-3.65 2.08
-3.6 2.13
-3.55 2.18
-3.5 2.23
-3.5 2.28
-3.5 2.33
-3.5 2.38
-3.5 2.43
-3.5 2.48
-3.5 2.53
-3.5 2.58
-3.5 2.63
-3.5 2.68
-3.5 2.73
-3.45 2.78
-3.4 2.78
-3.35 2.78
-3.3 2.78
-3.25 2.78
-3.2 2.78
-3.15 2.78
-3.1 2.78
-3.05 2.78
-3 2.78
-2.95 2.78
-2.9 2.78
-2.85 2.78
-2.8 2.78
-2.75 2.78
-2.7 2.78
-2.65 2.78
-2.6 2.78
-2.55 2.78
-2.5 2.78
-2.45 2.78
-2.4 2.78
-2.35 2.78
-2.3 2.78
-2.25 2.78
-2.2 2.78
-2.15 2.78
-2.1 2.78
-2.05 2.78
-2 2.78
-1.95 2.78
-1.9 2.78
-1.85 2.78
-1.8 2.78
-1.75 2.78
-1.7 2.78
-1.65 2.78
-1.6 2.78
-1.55 2.78
-1.5 2.78
-1.45 2.78
-1.4 2.78
-1.35 2.78
-1.3 2.78
-1.25 2.78
-1.2 2.78
-1.15 2.78
-1.1 2.78
-1.05 2.78
-1 2.78
-0.95 2.78
-0.9 2.78
-0.85 2.78
-0.8 2.78
-0.75 2.78
-0.7 2.73
-0.65 2.68
-0.6 2.63
-0.55 2.58
-0.5 2.53
-0.45 2.48
-0.4 2.43
-0.35 2.38
-0.3 2.33
-0.25 2.28
-0.2 2.23
-0.15 2.23
-0.1 2.23
-0.05 2.23
0 2.23
0.05 2.23
0.1 2.23
0.15 2.23
0.2 2.23
0.25 2.23
0.3 2.23
0.35 2.23
0.4 2.23
0.45 2.23
0.5 2.18
0.55 2.13
0.6 2.08
0.65 2.03
0.7 1.98
0.75 1.93
0.8 1.88
0.85 1.83
0.9 1.78
0.95 1.73
1 1.68
1.05 1.63
1.1 1.58
1.15 1.53
1.2 1.48
1.25 1.43
1.3 1.38
1.35 1.33
1.4 1.28
1.45 1.23
1.5 1.18
1.55 1.13
1.6 1.08
1.65 1.03
1.7 1.03
1.75 1.03
1.8 1.03
1.85 1.03
1.9 1.03
1.95 1.03
2 1.03
2.05 1.03
2.1 1.03
2.15 1.03
2.2 1.03
2.25 1.03
2.3 1.03
2.35 1.03
2.4 1.03
2.45 1.03
2.5 1.03
2.55 1.03
2.6 1.03
2.65 1.03
2.7 1.03
2.75 1.03
2.8 1.03
2.85 1.03
2.9 1.03
2.95 1.03
3 1.03
3.05 1.03
3.1 1.03
3.15 1.03
3.2 1.03
3.25 1.03
3.3 1.03
3.35 1.03
3.4 1.03
3.45 1.03
3.5 1.03
3.55 1.03
3.6 1.03
3.65 1.03
3.7 1.03
3.75 1.03
3.8 1.03
3.85 1.03
3.9 1.03
3.95 1.03
4 1.03
4.05 1.03
4.1 1.03
4.15 1.03
4.2 1.03
4.25 1.03
4.3 1.03
4.35 1.03
4.4 1.03
4.45 1.03
4.5 1.03
4.55 1.03
4.6 1.08
4.6 1.13
4.6 1.18
4.6 1.23
4.6 1.28
4.6 1.33
4.6 1.38
4.6 1.43
4.6 1.48
4.55 1.53
4.55 1.58
4.55 1.63
4.55 1.68
4.55 1.73
4.55 1.78
4.55 1.83
4.55 1.88
4.55 1.93
4.55 1.98
4.55 2.03
4.55 2.08
4.55 2.13
4.55 2.18
4.55 2.23
4.55 2.28
4.55 2.33
4.55 2.38
4.55 2.43
4.55 2.48
4.55 2.53
4.55 2.58
4.55 2.63
4.55 2.68
4.55 2.73
4.55 2.78
4.55 2.83
4.55 2.88
4.55 2.93
4.55 2.98
4.55 3.03
4.55 3.08
4.55 3.13
4.55 3.18
4.55 3.23
4.55 3.28
4.55 3.33
4.55 3.38
4.55 3.43
4.55 3.48
4.55 3.53
4.55 3.58
4.55 3.63
4.55 3.68
4.55 3.73
4.55 3.78
4.55 3.83
4.55 3.88
4.55 3.93
4.55 3.98
4.55 4.03
4.55 4.08
4.55 4.13
4.55 4.18
4.55 4.23
4.55 4.28
4.55 4.33
4.55 4.38
4.55 4.43
4.55 4.48
4.55 4.53
4.55 4.58
4.55 4.63
4.55 4.68
4.55 4.73
4.55 4.78
4.55 4.83
4.5 4.88
4.45 4.88
4.4 4.88
4.35 4.88
4.3 4.88
4.25 4.88
4.2 4.88
4.15 4.88
4.1 4.88
4.05 4.88
4 4.88
3.95 4.83
3.95 4.78
3.95 4.73
3.95 4.68
3.95 4.63
3.95 4.58
3.95 4.53
3.95 4.48
3.95 4.43
3.95 4.38
3.95 4.33
3.95 4.28
3.95 4.23
3.95 4.18
3.95 4.13
3.95 4.08
3.95 4.03
3.9 3.98
3.9 3.93
3.85 3.88
3.85 3.83
3.8 3.78
3.8 3.73
3.75 3.68
3.75 3.63
3.75 3.58
3.7 3.53
3.7 3.48
3.65 3.43
3.65 3.38
3.6 3.33
3.6 3.28
3.55 3.23
3.55 3.18
3.5 3.13
3.5 3.08
3.5 3.03
3.45 2.98
3.45 2.93
3.4 2.88
3.4 2.83
3.35 2.78
3.35 2.73
3.3 2.68
3.3 2.63
3.25 2.58
3.25 2.53
3.25 2.48
3.2 2.43
3.2 2.38
3.15 2.33
3.15 2.28
3.1 2.23
3.1 2.18
3.05 2.13
3.05 2.08
3 2.03
3 1.98